lambda.min: 0.000189414070441199
lambda.1se: 0.0287892544930806
