lambda.min: 0.0389532367236744
lambda.1se: 0.157254888931671
